0	0	0	4	4
1	1	1	1	1
2	1	1	0	0
3	2	3	0	1
4	3	3	0	0
5	3	3	0	1
6	3	3	1	1
7	3	4	1	1
8	4	4	0	0
9	4	4	0	1
10	7	7	0	0
11	7	7	0	0
12	8	8	0	0
13	9	9	0	0
14	9	9	0	0
15	10	10	0	0
16	10	10	0	0
17	12	12	0	1
18	13	14	1	1
19	14	15	1	1
20	15	15	1	1
21	15	16	0	0
22	17	17	0	0
23	17	17	1	2
24	18	18	1	1
25	18	18	1	1
26	18	19	0	1
27	18	19	1	1
28	20	20	0	0
29	21	21	0	1
30	21	21	0	1
31	23	23	1	1
32	24	24	0	0
33	24	24	1	2
34	24	24	0	0
35	26	26	1	1
36	27	28	1	1
37	29	30	0	0
38	30	30	0	0
39	30	30	1	2
40	0	7	5	5
41	7	13	5	5
42	14	18	5	5
43	19	20	5	5
44	20	28	5	5
45	28	35	5	5
46	17	18	2	2
47	18	21	2	2
48	0	0	5	5
49	0	0	5	5
50	0	0	5	5
51	0	0	5	5
52	0	1	5	5
53	1	1	5	5
54	1	1	5	5
55	1	1	5	5
56	1	1	5	5
57	1	2	5	5
58	2	2	5	5
59	2	2	5	5
60	2	2	5	5
61	2	2	5	5
62	2	3	5	5
63	3	3	5	5
64	3	3	5	5
65	3	3	5	5
66	3	3	5	5
67	3	4	5	5
68	4	4	5	5
69	4	4	5	5
70	4	4	5	5
71	4	4	5	5
72	4	5	5	5
73	5	5	5	5
74	5	5	5	5
75	5	5	5	5
76	5	5	5	5
77	5	6	5	5
78	6	6	5	5
79	6	6	5	5
80	6	6	5	5
81	6	6	5	5
82	6	7	5	5
83	7	7	5	5
84	7	7	5	5
85	7	7	5	5
86	7	7	5	5
87	7	8	5	5
88	8	8	5	5
89	8	8	5	5
90	8	8	5	5
91	8	8	5	5
92	8	9	5	5
93	9	9	5	5
94	9	9	5	5
95	9	9	5	5
96	9	9	5	5
97	9	10	5	5
98	10	10	5	5
99	10	10	5	5
100	10	10	5	5
101	10	10	5	5
102	10	11	5	5
103	11	11	5	5
104	11	11	5	5
105	11	11	5	5
106	11	11	5	5
107	11	12	5	5
108	12	12	5	5
109	12	12	5	5
110	12	12	5	5
111	12	12	5	5
112	12	13	5	5
113	13	13	5	5
114	13	13	5	5
115	13	13	5	5
116	7	8	5	5
117	8	8	5	5
118	8	8	5	5
119	8	8	5	5
120	8	8	5	5
121	8	9	5	5
122	9	9	5	5
123	9	9	5	5
124	9	9	5	5
125	9	9	5	5
126	9	10	5	5
127	10	10	5	5
128	10	10	5	5
129	10	10	5	5
130	10	10	5	5
131	10	11	5	5
132	11	11	5	5
133	11	11	5	5
134	11	11	5	5
135	11	11	5	5
136	11	12	5	5
137	12	12	5	5
138	12	12	5	5
139	12	12	5	5
140	12	12	5	5
141	12	13	5	5
142	13	13	5	5
143	13	13	5	5
144	13	13	5	5
145	14	14	5	5
146	14	14	5	5
147	14	15	5	5
148	15	15	5	5
149	15	15	5	5
150	15	15	5	5
151	15	15	5	5
152	15	16	5	5
153	16	16	5	5
154	16	16	5	5
155	16	16	5	5
156	16	16	5	5
157	16	17	5	5
158	17	17	5	5
159	17	17	5	5
160	17	17	5	5
161	17	17	5	5
162	17	18	5	5
163	18	18	5	5
164	18	18	5	5
165	18	18	5	5
166	18	18	5	5
167	19	19	5	5
168	19	19	5	5
169	19	19	5	5
170	19	20	5	5
171	20	20	5	5
172	20	21	5	5
173	21	21	5	5
174	21	21	5	5
175	21	21	5	5
176	21	21	5	5
177	21	22	5	5
178	22	22	5	5
179	22	22	5	5
180	22	22	5	5
181	22	22	5	5
182	22	23	5	5
183	23	23	5	5
184	23	23	5	5
185	23	23	5	5
186	23	23	5	5
187	23	24	5	5
188	24	24	5	5
189	24	24	5	5
190	24	24	5	5
191	24	24	5	5
192	24	25	5	5
193	25	25	5	5
194	25	25	5	5
195	25	25	5	5
196	25	25	5	5
197	25	26	5	5
198	26	26	5	5
199	26	26	5	5
200	26	26	5	5
201	26	26	5	5
202	26	27	5	5
203	27	27	5	5
204	27	27	5	5
205	27	27	5	5
206	27	27	5	5
207	27	28	5	5
208	28	28	5	5
209	28	28	5	5
210	28	28	5	5
211	28	29	5	5
212	29	29	5	5
213	29	29	5	5
214	29	29	5	5
215	29	29	5	5
216	29	30	5	5
217	30	30	5	5
218	30	30	5	5
219	30	30	5	5
220	30	30	5	5
221	30	31	5	5
222	31	31	5	5
223	31	31	5	5
224	31	31	5	5
225	31	31	5	5
226	31	32	5	5
227	32	32	5	5
228	32	32	5	5
229	32	32	5	5
230	32	32	5	5
231	32	33	5	5
232	33	33	5	5
233	33	33	5	5
234	33	33	5	5
235	33	33	5	5
236	33	34	5	5
237	34	34	5	5
238	34	34	5	5
239	34	34	5	5
240	34	34	5	5
241	34	35	5	5
242	35	35	5	5
243	18	19	4	4
244	19	19	4	4
245	19	19	5	5
246	19	20	5	5
247	20	20	5	5
248	19	20	4	5
249	20	20	4	5
250	20	20	4	4
251	20	21	5	5
252	21	21	5	5
253	21	21	5	5
254	20	21	4	5
255	21	21	4	5
256	20	21	4	4
257	28	28	4	4
258	28	28	4	4
259	28	28	3	4
260	28	28	3	4
261	2	2	5	5
262	2	2	5	5
263	2	2	5	5
264	8	8	4	5
265	8	8	4	5
266	8	9	4	5
267	9	9	4	5
268	9	9	4	5
269	9	9	4	5
270	13	13	4	5
271	13	13	4	5
272	14	15	5	5
273	15	15	5	5
274	15	15	5	5
275	21	21	5	5
276	21	22	5	5
277	22	22	5	5
278	17	17	2	2
279	17	18	2	2
280	18	18	2	2
281	18	18	2	2
282	18	18	2	2
283	18	19	2	2
284	19	19	2	2
285	19	19	2	2
286	19	19	2	2
287	19	19	2	2
288	19	20	2	2
289	20	20	2	2
290	20	20	2	2
291	20	20	2	2
292	20	20	2	2
293	20	21	2	2
294	21	21	2	2
295	1	1	3	3
296	1	1	3	3
297	1	1	3	3
298	1	1	3	3
299	1	2	3	3
300	1	2	3	3
301	2	2	3	3
302	2	2	3	3
303	4	4	3	3
304	4	4	3	3
305	4	4	3	3
306	4	4	3	3
307	4	4	3	3
308	4	4	3	3
309	8	8	3	3
310	8	8	3	3
311	8	8	3	3
312	8	8	3	3
313	8	8	3	3
314	8	8	3	3
315	9	9	3	4
316	9	9	3	4
317	9	9	3	4
318	9	9	3	4
319	9	10	3	4
320	9	9	4	4
321	9	9	4	4
322	9	9	4	4
323	9	9	4	4
324	9	10	4	4
325	14	14	3	3
326	14	15	3	3
327	15	15	3	3
328	14	14	3	3
329	14	15	3	3
330	15	15	3	3
331	20	20	3	3
332	20	21	3	3
333	21	21	3	3
334	21	21	3	3
335	21	21	3	3
336	20	20	3	3
337	20	21	3	3
338	21	21	3	3
339	21	21	3	3
340	21	21	3	3
341	29	29	3	3
342	29	29	3	3
343	29	29	3	3
344	29	29	3	4
345	29	29	3	4
346	29	29	3	4
347	0	0	4	4
348	0	0	4	4
349	0	0	4	4
350	0	1	4	4
351	1	1	4	4
352	1	1	4	4
353	1	1	4	4
354	1	1	4	5
355	10	10	4	5
356	10	10	4	4
357	10	10	4	4
358	10	11	4	4
359	11	11	4	4
360	11	11	4	4
361	11	11	4	4
362	11	11	4	4
363	11	12	4	5
364	12	12	4	4
365	12	12	4	4
366	12	12	4	4
367	23	23	5	5
368	23	24	4	4
369	24	24	4	4
370	24	24	4	5
371	29	29	4	4
372	29	30	4	4
373	30	30	3	3
374	30	30	3	3
375	30	30	3	4
376	30	30	4	5
377	4	4	4	5
378	23	23	4	4
379	22	22	4	5
380	4	4	4	4
381	4	4	4	4
382	4	4	4	5
383	4	4	5	5
384	4	4	4	5
385	4	4	5	5
386	22	22	4	5
387	22	22	4	5
388	22	22	5	5
389	22	22	5	5
390	23	23	4	4
391	23	23	4	4
392	23	23	4	5
393	23	23	4	5
394	23	23	5	5
395	23	23	5	5
396	29	29	5	5
397	29	29	5	5
398	28	28	4	5
399	28	28	4	5
400	28	28	5	5
401	28	28	5	5
402	28	28	1	1
403	28	28	1	1
404	28	28	1	2
405	28	28	1	2
406	28	28	2	2
407	28	28	2	2
408	28	28	2	2
409	28	28	2	2
410	28	28	2	2
411	28	28	2	2
412	28	28	2	2
413	28	28	2	2
414	28	28	2	3
415	28	28	2	3
416	28	28	3	3
417	28	28	3	3
418	28	28	3	3
419	28	28	3	3
420	28	28	3	3
421	28	28	3	3
422	28	28	3	3
423	28	28	3	3
424	3	3	4	4
425	3	3	4	4
426	3	3	5	5
427	3	3	5	5
428	3	3	4	4
429	3	4	4	4
430	3	4	5	5
431	26	27	4	4
432	27	27	4	4
433	27	27	5	5
434	27	27	3	3
435	27	27	3	3
436	27	27	5	5
437	27	27	4	4
438	27	27	4	5
439	27	27	5	5
440	27	28	3	3
441	27	28	3	3
442	27	28	3	4
443	27	28	4	4
444	27	28	4	4
445	27	28	4	4
446	27	28	4	4
447	27	28	4	5
448	27	28	5	5
449	16	16	4	4
450	17	18	4	4
451	17	18	5	5
452	5	6	4	4
453	6	6	4	4
454	6	6	4	4
455	6	6	4	4
456	6	6	4	4
457	16	16	1	2
458	17	17	1	2
459	16	16	2	2
460	17	17	2	2
461	17	17	1	2
462	17	17	2	2
463	17	17	2	2
464	16	16	2	2
465	16	16	2	2
466	16	17	2	2
467	17	17	2	2
468	16	16	4	4
469	17	17	4	4
470	17	17	5	5
471	17	17	4	4
472	17	17	4	4
473	17	17	4	5
474	17	17	5	5
475	15	16	4	5
476	5	5	4	4
477	6	6	4	5
478	15	16	5	5
479	5	5	5	5
480	6	6	5	5
481	17	17	4	5
482	5	6	4	4
483	7	7	4	5
484	17	17	5	5
485	5	6	5	5
486	7	7	5	5
487	17	17	4	5
488	17	17	5	5
489	6	6	4	4
490	6	6	4	5
491	6	6	5	5
492	7	7	4	5
493	7	7	5	5
494	17	17	4	5
495	17	17	5	5
496	17	17	4	4
497	17	17	4	4
498	17	17	4	5
499	17	17	5	5
500	18	18	4	4
501	18	18	4	4
502	18	18	4	4
503	18	18	4	4
504	18	18	4	5
505	18	18	5	5
506	3	3	4	4
507	3	3	4	5
508	3	3	5	5
509	4	4	4	4
510	4	4	4	4
511	4	4	4	4
512	4	4	4	5
513	4	4	5	5
514	4	4	4	4
515	4	4	4	5
516	29	29	4	5
517	22	22	4	5
518	22	22	5	5
519	23	23	4	4
520	23	23	4	5
521	28	28	4	5
522	29	29	4	5
523	29	29	5	5
524	28	28	1	3
525	3	3	4	4
526	3	4	4	4
527	5	6	4	4
528	5	6	4	4
529	6	7	4	4
530	6	7	3	3
531	16	17	1	1
532	26	27	4	4
533	27	27	3	3
534	15	17	4	4
535	16	17	4	4
536	16	18	4	4
537	0	0	1	1
538	0	0	1	2
539	0	0	1	2
540	0	0	1	2
541	1	1	1	2
542	1	1	1	2
543	1	1	1	2
544	2	2	4	4
545	2	2	4	4
546	2	3	3	4
547	3	3	3	4
548	5	5	4	4
549	8	8	4	5
550	8	9	4	4
551	18	18	4	4
552	2	3	4	4
553	10	10	4	4
554	11	11	4	4
555	6	6	4	4
556	11	12	4	4
557	18	18	4	5
558	17	18	3	3
559	17	17	3	3
560	16	16	3	3
561	7	7	4	4
562	26	26	4	4
563	13	13	4	4
564	13	14	3	3
565	14	14	3	3
566	14	14	2	3
567	15	15	2	2
568	16	16	1	1
569	16	17	1	1
570	17	17	1	1
571	18	18	1	1
572	18	18	1	1
573	19	19	1	1
574	19	19	1	1
575	19	19	1	1
576	19	20	1	1
577	20	20	1	1
578	20	20	1	1
579	20	20	1	1
580	20	21	1	1
581	21	21	1	2
582	21	21	1	1
583	22	22	1	1
584	22	22	1	1
585	23	23	1	1
586	24	25	4	4
587	25	25	4	4
588	26	26	4	5
589	25	25	5	5
590	25	25	4	4
591	24	24	4	5
592	24	25	4	5
593	25	25	4	5
594	25	25	4	5
595	25	25	4	5
596	24	24	5	5
597	24	24	5	5
598	24	25	5	5
599	25	25	5	5
600	25	25	5	5
601	25	25	5	5
602	25	25	5	5
603	26	26	5	5
604	25	25	4	4
605	26	26	5	5
606	33	33	4	4
607	31	34	3	3
608	35	35	4	5
609	28	28	1	1
616	18	18	0	0
