0	0	32	368	1
1	18	0	416	3	1277	16
2	18	1293	416	3	176	16
3	18	1485	416	3	1075	16
4	18	2064	0	3	96	16
5	14	176	384	9	64	1
6	14	224	336	9	64	1
7	14	1552	368	9	80	1
8	14	1568	272	9	64	1
9	14	1648	336	9	64	1
10	14	1728	304	9	64	1
11	14	1760	352	9	80	1
12	14	1856	320	9	64	1
13	14	1936	288	9	64	1
14	12	2097	16	9	30	64
15	18	720	352	3	64	16
16	18	832	352	3	16	64
17	18	960	368	3	16	48
18	18	1088	352	3	16	64
19	18	1216	352	3	16	64
20	52	1009	320	90
21	52	1025	320	90
22	52	1041	320	90
23	52	1137	320	90
24	52	1153	320	90
25	52	1169	320	90
26	52	1585	336	90
27	52	1665	304	90
28	52	1729	272	90
29	52	1745	272	90
30	52	1761	272	90
31	56	480	368	22
32	56	512	336	22
33	15	528	384	22	16	90
34	15	640	368	22	16	90
35	55	608	336	22	16	90	16	90	16	90	16	90	16	90	16	90	16	90	16	90	16	90	16	90	16	90	16	90	16	90
36	54	512	352	90013	52
37	54	528	352	90013	52
38	54	544	352	90013	52
39	54	512	368	90013	52
40	54	528	368	90013	52
41	54	560	368	90013	52
42	54	576	368	90013	52
43	54	512	384	90013	52
44	54	576	384	90013	52
45	54	592	384	90013	52
46	54	608	384	90013	52
47	54	624	384	90013	52
48	54	640	384	90013	52
49	54	512	400	90013	52
50	54	528	400	90013	52
51	54	544	400	90013	52
52	54	608	400	90013	52
53	54	624	400	90013	52
54	54	640	400	90013	52
55	54	592	336	90013	52
56	54	624	336	90013	52
57	54	640	336	90013	52
58	54	592	352	90013	52
59	54	608	352	90013	52
60	54	640	352	90013	52
61	3	208	389	1004	-1	0
62	3	799	387	1004	-1	0
63	3	1919	387	1004	-1	0
64	53	1663	302	1013	-1	1648	800	3	64
65	53	624	303	1013	-1	592	336	16	64
66	59	336	377	110008	329	355
67	59	1392	383	110008	1381	1421
68	2	928	395	1001	0
69	2	1056	385	1001	1
70	2	1184	385	1001	1
71	2	1614	389	1001	0
72	2	1650	389	1001	0
73	9990	2314	254	96
74	57	2429	337	200053
75	50	2550	390	0	2560	417	4
